4819
1880698658
751435149
2048452608
1847206044
1763189590
266143209
1021915922
1210483986
1490315363
712275773
569342549
1364922259
1962045919
62251579
864244272
1013671127
236874793
1501097667
1227748174
468484473
754304132
1751868571
1068454602
910092635
277319895
317738631
1913426448
623558996
507214193
1316717642
1700016814
306070613
1844358238
1540268096
1377366865
1533404147
64423573
819736461
1208452431
747635480
301450641
1622611837
1504541874
1967719836
1531648267
1319334463
32181281
685842753
1293257409
1171156801
1732843860
1256175838
2637562
1812456220
1134774862
269394467
1402748272
1910351547
195583680
1331734001
723094957
1120180267
1068629919
1329085393
611361996
1354504140
1823500516
1100572396
2039100256
1133657459
2122492497
418707287
789082682
1574856963
207268790
1022890421
1652283894
121134046
452303683
1741675123
345134374
1585118001
313434332
975019374
109063603
802253038
351194028
1386461167
2081539296
2025793973
941725512
1617192397
1733738637
1991563946
1593802558
718611563
1455180084
1363018557
2063401649
1979349917
1721426108
200226287
1126945138
1645954602
613073942
328992633
908032109
1234908754
1094307500
511434756
1500420193
859227970
976220287
1114567960
702222066
1316591475
1912605785
1949460251
1748339549
364157500
886371411
866109961
504108320
1926268236
993215952
1535375393
1706841902
555450876
1314161920
1510131399
1557401098
1567731472
344756310
2082001673
1508785591
628778639
155432991
1045990457
446533088
596840832
109278067
1557381491
1596590677
1567453473
1877224258
1173310056
2113731644
1919455143
941382874
47570517
1605011518
1022079566
519354313
476998937
962027496
2140006467
463193587
222978068
856507324
511293063
1576233310
1109737994
713175007
789085435
1723953020
451121445
1207513857
822732089
475785073
1040759635
540849449
1346037085
445361547
2017637927
1084092151
9754615
523760601
1884335937
1640222925
912860263
1994443750
144657178
334063679
1952251853
910887537
1789185444
1174599927
849775606
1101207661
1155646486
1778679880
592768910
880119641
397406552
722991125
551085681
1548361503
946198696
417702457
974224043
95834918
80247699
1173448830
1206543246
1420302577
1332958148
812802828
272861430
912885306
1955661113
261164780
1840251372
1584168045
575499487
1048400909
360450138
216104458
349235525
966399462
1681376262
478348523
586863022
1720356533
115983975
1743712507
812841468
1725875150
38005664
281567952
1282851486
455808127
136852552
1811580726
824514951
1678284095
154254257
448404757
185661170
1833691442
1875519601
1416089738
459828514
1720167657
1951260035
464321054
1761175601
642306503
706714146
2037438779
1632270589
669141535
1223260783
1098615699
323594050
202038746
2017203095
582531433
2032574847
1565617849
1929668734
1143748282
1437202527
2046252376
844116078
1972474965
281040260
2017725700
185953497
340412573
2041587145
1070813137
3010225
844533430
1412137934
1169489384
683971517
1325355748
1986249694
834805412
1809899897
1058753786
975041721
1860738925
571470454
581448762
1231717367
1439157995
1553167649
1040681987
2073276399
498357089
1936970886
1859308711
1780100665
1312578523
1692167562
596992206
1320533167
760423854
886004221
1900901410
1833430328
1119794694
1236703179
2064293143
1083722199
1951312300
1606478249
119461732
1673576731
649562022
652431721
2118172899
787915220
1717083527
1247645348
1000531117
2078290588
1819908584
197265378
1465500287
1664826660
422058616
1997956458
1162801144
1712568592
1418195680
1603152939
795988068
2011942142
494078063
1180344693
441134062
872266085
2053058450
1974290040
1924006409
241645157
230765419
896430346
109642365
813010600
588202311
1339219791
1745663638
647048356
231260320
1892293051
680246755
72200074
1083937039
724751331
265101833
1991731462
2094192937
1866732747
1289900199
1064353546
1761124397
1947690016
766985008
1178231876
2143432670
1104131948
1432150203
2026187034
1828095944
1034541543
1652240014
1345975538
1342869400
479924109
1195247554
1224201975
1035353638
1705382254
941442074
939543800
1432870646
672469677
1103986756
1858898322
1149977415
159214514
640386913
181305044
981139043
1887701230
1064252739
2134410032
1046694568
1173343366
845015933
1242561073
2140312833
1784038230
20799341
1796561956
2027463550
1183594138
775878125
1178684947
1922844851
1755293948
1048938748
281094483
45188278
1618043011
1633854776
2060252580
473365852
638090126
1555429092
1157725660
1566375308
1560034997
2117995001
1660027754
498044713
569368689
2070549484
1037257751
2038243197
1697248993
209287848
285156702
1824918366
1379024999
2103447510
2142584000
287048181
234816050
1259387977
632535868
1405137683
1271098489
1344205478
1560788484
554009581
2002349152
622257111
1404800774
1589318348
576826256
918153664
72404689
2097752929
681778819
1773540881
1101213317
1666789853
313811205
437424727
954492294
1822242388
381025587
1763484924
1314777933
1140870151
909238538
734493293
1868579837
1432149196
572609103
7363656
1827546501
1379839930
1620001966
772079467
950932857
619112175
1886487420
1953306463
1522515079
1355954932
973448179
1459361533
827577854
341186108
1259566903
683408856
435572491
1095731346
1585776927
66809031
882621722
610890875
893338384
1189870738
1373657971
1027223463
159495508
789746965
1254439201
618030827
1270140511
1857635241
819482484
280460831
1363602187
262922917
345698920
2087217087
1981021582
123190033
1835543850
1024972737
266758143
1466872614
1567707389
648119283
1554758345
435323272
1647221330
592337494
915932338
2041103370
1427151342
1233268500
244500919
497001262
1054340414
520198034
430740604
486037202
237005842
1490397811
602784888
1201293032
249981375
670702845
226303474
962697689
845885177
1217994986
369223968
2089130858
1472984840
67314162
431937530
212267113
909764953
1164817454
34570083
1937690245
1982588513
442895237
1904215265
63722110
1995894590
251661381
2050725668
1987269405
2105628953
74548693
390908243
1395200651
292743867
1045005739
1069723949
1996598234
231822098
1967634976
980974070
976741689
573500648
549903929
391613479
544529023
885194207
1957406883
462065435
1765412056
1491761014
357907663
962973875
543454587
1193529148
331539729
821656251
476514310
1237371410
2035786596
516075560
1816411922
1183433842
330163263
347341238
1917655242
85471601
838026991
727235168
749529928
903807706
960803127
668890636
345990940
379822257
1901587548
1025718168
591104859
1022551185
2027896794
1230980226
1060857762
657817717
969491814
1766536265
2135218042
1155516200
1667672789
2038478057
534220046
134044129
1022778404
1941972354
601639175
1874188483
1382972017
814711045
949493878
1564202585
1853581213
1625988384
1212918161
139763459
605133210
249168579
865823363
505182126
57665431
1412165117
241525853
855247279
771022360
1544367918
674438486
1026912025
549298586
422895846
1095862808
2071564782
120586463
1145462890
849161353
629609525
1202457801
128627694
1185550360
1196633493
1441043183
659428764
187233939
561033169
661513729
927436407
468018760
1013693638
851960610
1051937912
473288847
2030737731
2119371123
322264333
906365078
1908543227
59238629
430697716
1638181662
1797851056
589712026
1002612949
167850634
1330621221
1045110721
551021642
1180083435
634549077
1001707341
1762883393
1675973987
1390292357
2064043817
1791840581
1932326146
141227472
2011283017
1959235399
1240556239
1189366891
1783988719
378413198
949658887
1373029124
1463514476
1573825089
702507046
1489202162
1493659743
1744399474
1375541502
945526521
1256830860
1413289793
836130759
262870903
686249951
1754353745
1178886186
124702696
922142103
1270558847
1440692196
738573903
604940941
613647536
696172602
446619220
2001666668
1146270490
911228918
806137869
57878841
1220834723
1745017298
75349975
672400540
1652134505
1429976990
1757645646
1388632519
1932548616
796928787
2002410503
1252758774
20791434
810003362
1196433636
466412475
1387116224
827691707
1284167069
885433505
447651563
1660798804
2113287119
666053779
731643370
20433930
1229272256
1926697246
987290107
320262811
450461028
53515553
1628608200
743811443
1864448539
1229721707
1438080068
98205273
1515647888
1055750415
1220251596
1754012109
1448652072
1335057201
389793180
848906985
1089699341
724470084
1686931715
92782994
588124880
742891179
559377443
1268936201
1268059658
778848715
2071661009
392963927
2047306824
1426222008
1817664844
64597831
510028426
55731064
1670017458
1546133644
1870555346
1320664126
877207061
2081438684
1311832705
1654298984
2045511809
1917538611
426006479
1358054359
1988397636
1194751111
609051766
668109347
1182818153
1579167517
161030960
1094259819
1311714102
1341829584
773259827
701133804
526334090
604507863
2052369747
834120492
1078603675
602467530
838460865
360512403
386107383
763514455
1006376899
724581922
2142295609
1878533172
1846182846
1726182612
1872156046
145471260
1321974642
1567366699
684498567
1188771738
1598293454
1634624269
1916621786
67546947
159249766
1892037938
1250028213
1920650190
572116654
1638783202
1211458810
495371986
539057636
938415087
1176891257
1839963611
1784993845
870843672
712835901
999398440
834767521
1114089084
1354815166
559379287
1806256696
1570544300
205559792
808646767
1356275576
554074767
325573368
1184733338
1030158387
2026953226
2092709770
1833525861
948022201
397071907
997054925
1434556253
1076582942
1122554075
1777663799
385498078
278045950
1986414825
993553744
319455671
643306441
437644744
1638362231
1462750186
2080881457
337880760
1690764277
294770554
1112618177
1966097717
255589431
1879530850
1253491739
2067916013
735817740
1604693359
515180925
1681251274
1781017523
1183897428
804886452
46205023
2030927965
207968234
1684512097
714668885
1088035331
1436215966
936864011
1817681249
1141711928
1218014140
101247959
667614803
1368098322
2145787290
597062256
1876088565
1923180046
1892577913
1974023561
1924865579
1608563059
1078240437
960966222
2015364645
491563123
2065969301
761658748
2145363951
120331594
520885339
26530002
1858793007
1635387914
300471763
1335285919
1497533229
68336447
282562178
1882212674
1257801197
204678604
1458496010
691960059
406814241
1929627958
1356078025
538885306
1127217843
499748267
288158253
1071461548
1767436879
2092995379
242509300
51195557
1522222206
772021868
316082999
1093777222
483445851
800433074
756811569
1826874905
1879854901
638788694
1339576903
854954824
142164396
1344597858
630986624
686297611
407021664
268564741
2002350877
765528021
1598580259
1836975603
2057408281
1877227760
442942596
1176783732
1554661327
931562933
1699533814
1065344627
2143386289
1166746424
600984338
1963697179
2016106060
1296977271
2000842625
939704950
1606802432
862989002
772238236
171569079
1028510238
1586489122
1302501527
2014519278
994535125
280898665
256576182
1153100810
316818033
1172648655
1710367392
2033886842
291707064
82231962
1273862324
1008941744
1410614866
1822713890
1634741399
2058815898
1044246213
1490089099
443260987
278634209
902582970
1159629178
1446144432
1502612990
246659932
1676942851
863014466
57443244
316424128
1893307975
68983609
1896099048
1854362310
1510246491
640344323
606361865
1816939547
19670758
667476994
352261462
51966946
25032467
235392766
159751900
120344518
1387139822
1561607511
738371432
609417100
1290292597
1484034819
249206192
19847277
1380602319
1294249313
305967938
407596871
1342598500
1177279975
57640401
1839260666
1827433523
1758785142
1895090508
202535255
561152585
222132834
1367105036
260038504
2024969071
1506410150
133219996
2033147485
1226315180
1470362422
130421819
1071086000
76008212
1212255898
287800562
2134012454
1199476227
956237714
455783008
1936243834
96108369
821264008
1354359428
455241516
440996535
1323887966
1844663289
1945810402
60189121
1629194197
498571907
989276687
1399735136
1194773731
509642706
311545980
413648091
1270471081
1158571046
891824120
1418574545
1913226487
1711444852
1140637806
98862357
1006685838
1676677781
1726048431
720238946
1099014810
1124267529
1650699837
1538366842
1212807390
370875651
903271132
1710099605
1269795511
1407336771
677839283
572603451
373068687
1313446621
737644212
508435713
626401399
654831519
1180033265
398879360
475655349
1115462856
643098887
71038512
76133970
149702689
460333455
475894145
337157821
1428768749
1345527428
1384619711
993907654
1175560277
893062004
2046498219
405038386
1629283764
1444195471
723726858
477187438
121988652
281208492
8159063
523045279
1698709247
2032761607
315842341
2126010592
233655320
1714151281
1879607131
549080272
865867397
71917541
1423326176
656845180
1477229163
822760759
826922104
2137772180
333671114
46932862
1925152052
766459691
1713719767
1884564319
2112505201
1685183926
1148671221
491735520
246849858
745759645
1936556970
837889003
1865697859
1632989645
802610787
1456634758
115354047
1703763612
264664343
678887002
1234177499
111298604
1369310147
661484907
1721872519
753184124
342739867
1875680889
1679689783
2078511355
1121800489
50654765
1318871722
1185416623
203043171
2004918493
2124611532
347259213
1985089349
1064688585
1443186981
254025252
1573747009
430173263
207456168
558257856
2044780228
204929831
556382500
1756636889
963041918
1122951509
1201514147
1103859953
2064440198
651585655
831213693
1513683415
1030882738
649081526
199199382
1922106074
851375653
1162050844
1988953534
2021485695
1472805987
641332108
384104821
607090137
1940856568
2108360103
721751558
447724506
1286852118
1237948754
1298241715
1809967110
732308124
1624520727
661171574
469817949
2045406738
129622522
103752273
996898574
1870574755
1884201057
189428213
533293378
1365949951
125876218
1559442836
1215416490
210311666
639860490
662952619
845702006
1370892842
1606832101
1481875490
488831368
2137141488
2093404979
1593575747
1583870908
1238420743
1390204140
1918026517
273042217
1265580693
1077706615
994626816
758160246
474382413
838863723
1436489287
54898949
1231471605
489924226
1333862948
896578381
1614383799
2128697950
1062322907
939719942
1281320143
679772714
603661099
318597778
1979349583
450211418
2029247695
1442104100
1357493329
891983231
892756974
114408983
255243203
1142334060
2117265936
1384389558
558291459
1284321308
622444967
927886057
1679691830
1248218354
1616847978
1766077370
347831701
881968810
76275044
356164881
1862962056
1834743904
401291844
663624244
26381568
1616226914
54704482
1348425306
816481791
770109814
1515798784
1063088480
876567862
388900602
2043432050
1424809149
1715565789
1380085336
911610490
1324128849
3542613
1832256587
503468359
1376562142
444010039
1033986977
1705405938
1850710338
2112280847
1487197858
1114776152
1506531551
351601966
1931077190
1589832546
1876644024
1032847295
917925511
1983452609
1301312340
615664726
1132755703
951852812
168937766
678791786
1026430569
1128892217
1107862058
412323042
800288077
1909076417
897780415
1560328593
495526521
1043829022
106350290
1202590193
1360001773
313372965
1659082417
288766105
195404970
1814650907
1734896878
17813518
161859706
1376612866
649383134
1880919351
1506008219
1666256876
1879410797
921137586
1596438513
1592921440
1112507109
934743578
570570981
952638035
1027176380
1276471922
161141209
678283252
350011639
1596444610
1414231302
1182372913
1562274688
684065559
319521871
1121096230
1369112803
1606382407
1166773493
1981529948
177027338
1128733127
282461415
1834632629
6712138
603953016
808051982
2122701473
1147025514
1473114635
1028858858
721573059
929523422
1342101905
1348739804
282039322
591569622
2074405203
2025740636
941540552
1534811437
2109134713
1396492543
1859589297
690483665
519124285
912213471
230395574
2075058257
460358213
36288043
2141472393
1523516222
973142475
1035946840
43144278
992304259
604259435
240135416
614382239
1558594133
1733101130
456278773
2110769570
488650867
1352469478
1569523725
940207321
629655832
1994547335
1833873382
1026242462
107788003
2116169015
55522265
930715746
2019121611
1760655027
2048204789
156638459
891556829
1488933127
1020228834
1878120693
879965063
1868454133
72266969
1767188366
1191917448
83243723
817489754
1139013769
272834795
1313979547
332337877
1594986576
1284370551
1298064313
1058177669
698549109
1213838215
1816707942
928852754
569199240
599521012
1346079213
939868208
1794871297
1154443902
1722585688
1351059910
71857481
1445135004
556740739
2085836320
293769469
2130019966
2040900636
501938703
805180761
2098199382
1711223321
619722074
2133233101
1517390090
186434504
1118597912
764693583
1639499385
888083430
701087906
2111419660
1957810365
2038322605
1194351592
809240658
1593794725
1191332971
1244553603
344584616
163344371
2014495862
1785218304
1009813217
1052040361
1587637609
540037333
1378415917
980303625
455410092
960250010
274398099
925794171
1837858196
1343131010
2059144334
502679329
1840834955
1028981812
578632341
724535569
348388154
624466440
237342626
1294988823
378237597
444004280
1981443459
1041123759
315950555
1878601462
517131832
1272191001
959750797
472598634
835295168
300018417
1680247123
219979357
1481410665
1905022729
1721295419
687472498
551421555
2074006434
496630316
667462142
1708147331
1592130459
584567782
925760937
1023981268
2019607859
565264173
1557924778
1223761859
166584291
1768220423
85497850
902710376
61522258
642369843
236119310
595747260
1892150963
1847981622
1174757763
1003622238
1424780798
1975883520
625064445
148321552
831991555
367363104
291404358
1372848667
751963682
253622140
2021752283
1429083875
1294415437
1813134712
1151171356
1526574012
1263942776
2029144466
1984666301
1774508331
310112396
670522987
505663787
1615350808
1571448416
1404222893
1934339694
634396366
1830287428
1644890861
2020478236
1481305206
119770061
762263945
637339487
1677792035
229326036
162517510
496980952
1021884184
1335560586
2027418557
952807747
1734419271
252866792
88726741
877903988
1355771462
1244539503
977480018
1359027904
1165007467
1629138635
664888071
320413866
1065822840
334097482
1981051967
100086677
89994497
1530588164
1299050226
13895421
2053793230
243911828
2014430867
315662355
1240205676
1982151006
287556741
814397277
604164586
2024771890
449503931
1885611194
1825671059
961767521
933846745
1464268027
1126663158
74307818
677205537
306999922
881183630
1845789397
298414322
2106732952
2103355718
1561775921
1561559053
1610674591
1768297028
2061601988
146351892
1542721657
844838394
2102044306
579079052
1122748425
1119930786
1357860146
569740985
1294506201
859886989
1382907079
1010005968
512949089
1899722970
1018123621
2072054785
1370543483
1381028898
940114762
1777194802
1035635670
1630771138
1968910981
1845337136
285538486
432848409
1310373618
2015285727
745265152
923295559
1658364134
1618302352
1023503894
178393636
1002084576
180106716
1953663251
1354672018
1126415427
292232658
503286911
815831286
1804548826
1587999444
1365748783
111414086
1309901764
1258090686
824040795
1455277113
968460498
1373261038
1475836717
1482080762
1577884816
1254771143
270673727
717610346
146016565
1641830044
1320463681
1478424292
1540163908
1369920483
1787796517
1438829523
173888828
109600283
1986786657
493865793
3707024
670788530
190625039
983224229
523979372
499052567
1162517040
346863354
1762642141
1752318157
90007229
2091040521
2080566768
1114267052
804442356
944673945
1539453612
1194687447
1930327245
1713510558
1569139321
1906137276
1917762243
720722053
1710585630
1164722081
602716769
1702796716
388856025
1841182283
134123775
2113093143
916964309
298919037
985549104
230432032
1721377663
1735899989
1776726984
837228541
144726288
1539403150
467812766
2069800708
1744645262
1269499235
1741548261
854092819
430879428
395063470
24526897
2098497282
95677989
1566581949
372391799
1708397959
1466253583
330365513
324808334
1136993086
153179179
1922521864
2036490837
1427002110
1439131703
926818097
457191381
340866
1138626211
1311155631
256481511
797600029
233471018
1258975062
1055080945
1948955525
1388467038
304171109
886810612
1383292054
1338875684
1492079840
1564149586
928414171
1740289428
1000632478
2117347745
203930017
1284232946
631413789
56688153
70351813
1822966198
263178180
1756375457
1148643728
1816481779
1894590781
1286222740
2006678778
912812929
699260572
1137756242
44841430
139436243
330351050
2068530367
843790619
1377465386
1470220561
196674380
214790830
401077671
533579868
339359248
49281895
188530212
1494746702
698259347
1170452044
1344558296
20273657
520576687
598546416
1402735581
1339813369
578109304
1770523704
1115272204
1415554325
947866888
420728917
1199040110
307449828
289100760
417193782
771378940
694981424
1917332551
364567751
180445471
753057929
189142604
704384749
728868321
641267330
1231866906
1413945571
1860378178
1524707625
71409516
2072156456
731428078
1474256421
1994194403
714191528
1122099629
281800545
1001626181
206727512
394549752
2114223050
506299440
1080078467
1049304308
1952447635
1291295639
1758470087
1338538319
1105635019
487084822
1611248201
1247918369
1595791979
1996947846
1587600530
1729316439
1472299320
1600084434
954169235
1668804987
185364073
2096356822
256226657
1016864882
1667568689
1443332040
1684272340
800479919
506559274
1756723907
851060594
199735376
1190519198
490596553
237868829
1818440037
275604206
361009205
845060721
1865854360
874277418
720762411
1776928100
1461764880
567767941
1865694401
895279914
74680480
826900227
1203885096
1710470343
1593652103
1902305438
37374914
1477748756
2021646239
1817470916
615036047
2130723875
1449134515
534629935
1641824127
1947440203
1209375356
1026256285
1914970542
1781582315
995216741
822501743
1551760416
1680107619
1487905849
864664965
1149244946
1990364705
1448515615
1101052812
1384238576
2096313147
1855188128
66702361
898547580
1389498592
1783417434
2142176805
462347052
1038045115
1904634008
1183610488
645924134
1104362700
465837727
1376605740
1431428948
879767315
1361101664
2108556334
604836663
1371356009
1396577146
855711409
44782540
2138798582
1080274581
802549515
2118143745
1768214554
63839516
1500133838
1399121715
1807527400
1758737067
591916666
1762210166
363193687
1535983408
490025627
1803377360
1663241866
1043860825
1626289324
1450743510
1282889307
1930991422
1540782066
1917094634
428707208
1099370255
958076079
1271667862
547223119
529268634
850883698
287870193
378023574
1535870076
578906433
705505275
255354044
715672256
280769776
1214213081
62810007
1953500346
1589251334
647047655
1075275204
2139530908
1105546070
1552818416
1031081948
243058852
907707741
1905501664
1792095089
1756331787
1416689827
135525681
370646049
1070044020
864332294
1707502645
956601365
1691465398
1157848447
8420553
582133671
1270476957
1959892049
1967675624
2130538638
1757299966
1441430940
479779926
2104763799
1946848918
1624668559
588104362
1609247713
597899155
378226394
280362254
1353910424
100575728
2093368570
1969133339
193207436
2056699395
617318881
26723043
1387247921
272121857
2038156858
1249635092
101990011
1409697103
396682926
1146109263
1957647977
1839193075
1761110628
1702397878
1069187961
1025360208
1410931771
63711560
438335174
10149127
627854839
1248638589
243994261
572985728
872673101
1623388331
1935405714
521691223
1730463545
1743011988
1146627537
1334310512
1873082634
845586690
116009738
55475295
1288880392
1930247976
1263713294
680873210
695673556
2009799032
1643660512
946223153
305479413
1174273143
1949377546
972766210
296182187
844230002
959702839
919444483
841129020
1047969506
555860979
569028940
540764146
1325215493
357712631
1699964033
291719152
818473258
250314697
610529719
119439720
2042987089
2134077737
1162757658
1952743801
417227958
168363947
1585651960
2140774845
221675642
374905276
1451313457
1751922986
2071055487
963790270
1781890184
810998516
1473154747
1729941211
2007931863
352039318
1173899514
296930888
715363695
209384856
1173611477
1963531186
1111048597
1881657067
486571820
113799986
1882528810
863813999
749110232
391049305
940789074
586099320
154492597
2086466316
1837945277
1366551069
1211465729
317445947
2090913122
1685193000
1929313409
887892545
306571458
893626366
2026620456
1452358431
724452702
1698294920
503185768
542651417
2122748158
491489815
1378697483
31324109
1660648743
548013757
1481541113
1891207100
1182044112
730649321
98498654
1541437913
57118818
298754664
796163626
1017992264
904898434
439907978
276514162
1722963215
1059095865
1393107049
96803245
2099981753
1815684948
193180999
21303010
1344566172
114705701
466855420
950318891
1922007856
1506758073
686985921
993088401
1562399454
1765121573
1824818845
964639387
838161875
1728917047
467863093
159128297
1345465729
1813706391
891624891
1649393798
645545562
1799588817
1397536112
1346119208
261911880
1109170584
760124691
705939920
390528523
1443598569
553801883
133069868
515479989
784397727
291745104
1857820028
490708638
1215855895
1582205402
1982275330
2114505576
617403077
639373110
805924712
477856612
861423937
1994965112
1440606266
2635498
1171220953
398390404
1780270338
1424147626
1234428434
1337691145
393522867
900600887
470638916
1175656526
772723312
833994014
562360461
166580421
935163494
1512366913
984025173
1212405620
54244526
216061888
842020950
714656527
1643872369
1872838723
11580787
742013569
1938333342
347892645
1729059570
74382549
1258266447
286516628
1999433559
1975470868
1890562
1501677968
1084378908
1167580242
584988946
345748310
512623948
2086573977
2030704363
335449639
1282347762
63711309
855301897
739045426
1016524300
1648304381
290062860
636539466
206835594
2035428073
315185181
1918855427
402698431
37297818
1195291650
325382617
2079214654
1144713378
1041590492
1859624970
200359740
367201673
811637614
1563645914
16707521
116690431
724077047
1795350313
1957790846
1679515937
1923943827
1770327528
1606591680
2114779941
15080357
1172159287
1521057275
973660986
391413430
1050391369
1367361446
241160517
670726710
2113104217
349798989
1230857107
898436476
1692925716
109169368
868373148
493266381
2106405384
873356117
703053417
296007445
1393297236
1986100830
1087871603
114291968
689917996
571053517
1990624021
816655312
476526075
203808741
2058198885
883984352
962504037
1623677940
291937355
1266210172
960764712
1845348242
1058920141
1046013592
848027521
97410239
1186745424
420754105
1193224967
576531965
1678558499
1980523712
1654650278
1389077700
660838454
809972741
1015802957
980346725
1263377337
782731256
1537099441
1765992902
1573051904
1840171321
1680288534
1373145060
642068735
2052640370
1077746908
1666358676
498715193
1061046212
240347834
1075459120
871179621
84395916
999353761
1121003686
1254830678
451527621
605818817
733178437
158327659
989560456
51140471
1688006830
320635394
1395974125
886477340
1792462064
713252466
451853586
1911661004
2096777979
1277979163
228325816
2056943188
434681118
1938686071
330148134
966614636
524824178
1968658696
308212063
2054935357
456506227
545397677
1377548162
2023210547
1175282801
1651897512
2132025003
671336565
202282096
1268478386
2055330215
1060517299
102964198
564877065
1802390907
259621031
225737033
1435170516
881472554
38023479
422452593
399060901
360767137
408430963
508292901
1396827285
226461654
1065538111
942437194
2027561935
237003629
1297461602
1813122660
100234092
1229573585
1947206504
150545238
706337175
708525075
1317935939
1201763124
422260857
1562268877
1065851484
1250532766
1492713796
142863033
1309330667
1289666687
741464217
1001845507
267436598
1064287502
1781887543
2126311126
1755278885
1446516230
1306455837
315137640
815891322
1205251118
1281231055
2088441401
2063709008
749603384
377023245
1021637236
1106047378
27241285
1803707291
1027490527
1132580348
1080991755
515101366
1448794200
1338593381
1395955986
115533569
371764841
111752317
1469206766
973959673
189770882
471689087
1270364934
1562939167
790148577
326107213
1406638747
1370096776
1095948752
1709847270
1743689138
1297158281
1745891863
439962030
1169789016
920728083
1730214092
1397437574
1206464981
1623562538
1964856009
273130985
1279309569
1040226064
1578110671
1374082006
1047719483
1779706743
1891294312
203899925
195162835
2040777119
91983598
1792834592
1938029133
955256496
554666517
1263407945
406095317
1946474166
1092828169
98731156
1890568475
709371856
732770114
1593238438
1265438067
1607899278
1867710807
517300228
912472113
110968715
795280901
258839183
1110381954
2130117646
1446659170
999234803
111659381
1390494303
140665096
1063979281
1486370513
1062576030
1012799792
1777656165
2090380032
1274964122
1767684523
2062230073
1509281551
837599907
498212629
43698310
474373005
1527049445
1373424826
1755280875
860893067
1143341457
1688642164
812145437
97322499
1503299758
85535191
2108916600
204122151
1884702545
1866919271
1558431333
1327444534
1253267077
1411662702
1749798396
1626739594
1215271272
253720333
154335166
345580758
1934293826
1218162397
1034758977
323649878
1748504867
2109202174
1238556242
299383865
798625672
1053089315
1633078465
809192192
659265708
1837062175
1161381528
1852556139
709997570
1604595256
1056663799
281954183
1262991306
1786926039
1495797337
1602295990
2035352420
1074441971
1257726483
1685713443
528990405
2036655205
384029347
776642701
1811985943
1502251785
1020122579
1662922683
1223105171
1410689743
161461193
252629384
106677267
2018537632
1927817474
1369370275
866175579
1618852526
209608281
1172943329
1700471369
1031851122
204857325
1903043585
1769339632
135064528
1159803565
848716446
135389623
188814206
1705536463
1545251291
470646213
957388660
1440491389
623824985
1740175078
775862477
1502282740
1701984417
2141113742
35667094
648208030
2058638673
1896466824
442877622
2087495715
1390225088
1685520258
1373633681
2002539976
1547961391
1019698291
226976957
1042614419
539082893
975195379
998231824
1234806802
13858489
734684945
885251303
1496794725
1885465232
934310844
870363661
86800267
601249617
490740274
1348138273
1000492672
511137800
69343401
559495263
463851787
515403772
710967986
514304804
983103293
926936879
1025809376
1437937421
899264308
101373269
291736940
435720925
1200556090
960756873
1600089079
1881661297
1933093941
316393372
1191024757
520307023
1976494671
311531092
1225054515
742701528
1952707782
1695490012
815873674
437669758
1779494001
1807943902
1180677923
1213592116
1965697398
464491194
905880112
419535559
995873039
1591235678
180993926
1293602302
257527354
1308016253
1256976121
1843820993
809088536
1403300999
2039588420
863965291
60797665
1811012957
1050808297
2090378882
1003446483
12552696
1737106145
1518409619
33792459
1674711329
1308015326
1067688177
47285544
649868621
1818878109
476306202
1983946010
1537249453
1565321619
1677608308
2083964677
810664804
1397902157
175903377
1054836014
865569767
2131339661
1903052321
13169417
577192474
1671662467
172709776
578760231
482870
612881676
1642995287
1470579336
1557353626
1375320477
1693982027
75705532
1771283318
859621335
575208003
1964076462
991606279
1198349266
1596773648
783809961
1572075287
1960147824
1906828757
2038093122
1132792076
1492822091
1854573828
1075699070
681545944
1471784731
720463900
240725077
1263141543
1068155118
42648588
940847494
752916029
1126992047
24607238
908968155
1041325621
612578139
2016416671
554239276
643486665
639884329
674662673
1343672573
1813323923
1904047179
1701096972
1702222327
672703627
1849180280
259125325
995246497
676757473
1046270540
1432847719
1049615127
705632901
444193007
624821204
1936689530
1003572526
805861512
1108622623
88109070
293535244
1602970471
568095888
1170651800
1151270188
22777626
1693306363
1974938878
432141843
1939880942
1441559531
1204896582
1519936674
852120339
21430777
881473947
19996438
866770827
1701550287
339822012
1965747522
1540040003
1094034258
1554086606
1581482502
39481476
1817581840
1117340909
261254943
1980304213
1603561374
942544264
583417968
775325479
1194554389
1331321707
908786394
46461919
813385175
1076773969
264562372
397687544
1203711347
2127446069
379893843
1503083122
1768752054
256897944
1155344753
581617874
1387966401
1267139574
939429226
998141380
621436075
44444613
212688192
1339067226
1682235861
500412388
1100580895
1807103630
1095643761
1194392218
999195
29828051
1378640438
149538410
178652958
1651798700
1760673014
1269321827
1342184243
213037609
1808383611
1946883131
497767304
486941856
37924115
631971841
1047729967
878957522
52319704
1418217338
887737986
1994177657
150383456
908067791
263278291
31969739
1865541639
1553359130
1789263072
1800502229
180783632
1180087279
236754506
561114838
30088050
441076635
263625454
922438513
1428088480
1959574904
1506021638
32974793
2120058659
568176848
529037875
1871594873
774034896
842474658
1673289704
2060841092
855181043
2066583368
211761837
1407089815
1973324327
752414427
217511180
489720033
1772179978
1226378902
901314791
866919536
1346548482
920058972
1118052219
2135780795
1309734277
1129359480
1767098847
2090415365
1029478374
1948195775
589339817
1523657435
1287583476
1777200057
997545377
1387458360
1709289881
1005968548
554234218
315255658
287407105
333308984
1965953302
106384727
731297848
1645173075
1277786061
898078511
1972430424
1009685102
2083618653
894592891
1421921112
2052454917
1314976535
781685696
2075450563
695587702
900891316
1402808350
275939035
1655314234
1288410804
1461739892
599702533
1492691281
504175819
1246779945
1498232070
785472304
439140579
53560483
125428694
1149237756
521473535
1571298919
545276945
1723323783
1877816706
546700448
1591821862
2110691987
577866462
1899967264
80868145
514449032
2002872609
50868846
315197563
163500683
2054209266
1933192515
223961301
256387745
411461725
668912143
293529873
467038670
21040035
2056507232
887808409
1761724701
1476074262
995826182
1829565200
1655380783
812704206
1814040420
295263535
2023046163
546180871
1202011479
356179712
1327989648
1439153223
781064395
779983921
563438106
2030344420
721272109
200361552
577838261
1084891493
1148562883
1618436008
1034653002
728102630
1922478056
1131647642
771682693
114731362
1215608432
1744468155
1982389646
1301492608
2050761778
1043352304
703684691
1876023068
1511101007
825945295
514377537
1672073885
2506619
1230902117
1641143895
874059903
1231084643
605388805
380148149
584767390
1595006939
293526682
517801596
1700889524
1838466990
1219282408
1258740753
1092644362
1736561226
1265525509
1484973107
1036770774
21235233
1669666235
733245853
1955689104
1638254250
1894496060
871150042
1208231875
459362563
175797674
473672053
1742357973
587734036
764287592
1048518912
763778382
971908734
94485980
1144629308
861713972
1784899683
463668162
642234749
594211567
1261315272
1581832739
1995963704
1900308842
248463085
2017764794
120974142
1522292144
447191075
1224748744
886681340
1928921803
1361326823
1436861210
578295085
1037467881
588535210
736606899
2122555021
1998737021
1270637277
713430603
1010631316
403191074
795793813
1514970857
1462160031
254541276
1470301009
2022045346
1706964719
1002543898
1757795454
2076064035
840351571
50134270
1380802376
811551039
1216466691
1126413777
152494025
1556872440
1463441825
1365843202
1559076461
768484590
1396622513
1084896788
1965225524
1944793
1537472586
245480081
948326686
203940386
673645010
1958638051
929008192
1895137759
936591104
2035428298
2008042346
2062326243
56288550
1626677693
2140711137
229521192
1447605036
130423936
158709989
1581537368
2065476373
51912091
2007925689
1318374203
1409660010
1005687675
1309707238
1008369979
982160075
1851302706
462815949
1889411006
210544055
1171466022
913472382
986977897
471832307
1315747519
1716230757
751988080
1435535072
1420815331
1062513728
331922009
1615276059
706342768
1459394198
899860521
263962790
288678364
1855447230
15297062
1000048005
483948602
1492146858
123645026
1143374015
463084576
298755893
192021631
704321514
1924742571
145995604
87016828
1039709581
995591770
1410624217
135972010
1105891442
1616980215
1410824051
1892141512
1751483452
982585956
577345482
80994914
1703052531
1365764205
377198545
814640912
2684585
1370960540
1688281483
1398704449
312135978
1498029305
1422215952
717428760
684693822
175102384
1456583816
61494289
1318005642
450090091
1421995980
666235230
663606169
689095744
1189587994
1731488279
1589779155
1556086703
2055175063
1239269648
870642104
1444451478
460820217
605308483
1312346243
1651708953
781095495
1474933753
1220613635
1408123994
1438536988
1092686298
855005924
1480670856
81169883
1453846240
611886941
934061034
1336414840
482366973
405415996
59408118
178462683
171549088
182337828
220007120
2146554637
460495143
37745509
821013179
557904366
1190840040
1082439111
2012741754
2006678861
1374373771
2033248472
1000977303
1906163750
1510318448
702830415
805797927
869626032
2116421337
1179263460
388999505
1024709673
1786209559
1797026832
1162579642
716590868
454250470
58620584
2068233072
1532202295
1654345774
1322174550
13378772
1560473656
2023217719
305415692
245434475
2276803
432719591
1269272779
967177077
1195370349
1292701545
1100839354
1719879506
1269570572
1810548912
1250356190
1110918402
1150567496
460021240
1421187825
2090160321
1258016761
1017140462
1934250866
2082353260
1217089534
954260707
1711733657
1039481774
353127713
1160055392
513944224
1658355672
884079023
1120289575
734246403
1202661981
466822332
712669719
1498064446
1258754049
2096590012
2038480911
911821879
1233912716
1003704316
1021070557
2078521751
1631127869
1670507776
1386201827
1134223023
776874904
586981354
585529194
1281108841
1731602131
306482560
2063678043
1652069632
576446787
529630425
1559515064
1722518044
1700875539
737322730
225723895
1894125993
852633930
525351959
900621175
1560830171
691860058
1283857391
2039004434
1029218594
389559277
1198892881
1498838345
1893650917
1870158577
1170242146
87052628
903037669
278454074
1610718693
264897631
954373451
2067159933
175104160
681798627
315994615
529885329
66153751
385038244
1533627899
1548960090
1424113563
714552932
1478439229
1457555407
273709277
1507652468
1524773311
17736746
1155996322
554863297
1205409440
472583698
332104635
1897940650
1664689045
1564884844
170673856
214681142
1184030401
1131526645
1174671583
1158560116
1192794758
1642039007
1268278328
2005448223
1007483340
1094599377
716806269
165174837
1787429348
1416983566
120118662
1290995339
1930133679
35300419
971039511
653480554
721595026
1662914363
1759256561
1443742858
848926890
794587926
657577260
432513886
58124226
1312715162
80118404
2099947453
653556256
1268612185
624181636
958810139
468749382
1441493634
543942920
2013196445
97310214
815669031
6814990
2070222818
136097884
119528708
856465749
1916713601
1595520091
985381247
86928390
1357664801
912880299
870182689
844382731
1506388564
1143200916
105455655
140448983
748647077
1394231736
264241017
817394316
1487660167
350709715
1283420541
135295479
1259350674
751127
789215793
975600851
630795957
938820455
1759093420
345850024
1490644040
1022244912
710865276
554981998
2072842997
847980760
499904174
892331864
331417165
221419321
1694220780
1974965960
1094239453
1911613330
253283856
107234079
1159155428
731105754
1780270722
410837373
2065000891
1895353064
1335252563
58669185
1038409695
2024582035
1368837161
1118930030
996556645
1708223991
2079838079
223725683
1314215904
768941269
1762123782
550969803
204009163
915697081
1223620125
379987808
618300424
569030246
162609103
48572226
196747549
737288256
845529028
1763666066
704920285
923392905
300109594
1119699995
529018915
1731315433
238784501
1287830856
858099410
1367011583
693168197
547612892
69502000
906139655
2118556367
1815022429
1587467460
107827664
2046880630
441870285
1490346941
506952534
1403697923
849853511
1005340756
1075938686
993042905
712029800
1372037787
1690856231
2115059701
512039388
305257968
47791627
442926849
1404047514
1752645712
772021033
167784686
1708808969
2022510591
1990246136
708369965
1007736671
1488101118
482724921
1030369775
679389069
1921264237
1149600032
1505846482
1174402324
52268535
674304909
610377303
1856886345
1256113559
2133602838
102752152
1986910869
1856564435
1672663618
978357655
770080443
978569051
376410221
1181145787
326486266
842083761
1291757833
2009288081
1034429131
2079153853
1503469843
106416772
1808962703
1488746231
1694358148
1478651484
96516827
1288832107
1413434525
348963900
3497556
1848514231
957533584
352043672
1104661221
1781635098
2093555248
1037388749
1859512870
1376412562
603862918
1239267191
1327062013
674117749
467771502
1870671363
1790064731
978028727
734225721
425533247
233816723
358641957
1440133002
1527583509
1807671924
593761376
1261117499
462551253
1386413636
630509610
1067715172
1571578082
1039559470
743862759
2036550819
1660610205
1138408725
1291641221
370571108
365570074
710294289
1343734352
478122597
1979180741
2015862893
1015936490
710866019
2025861945
660562770
1207945201
1484272644
427456184
235163421
366212878
616702939
204661251
1425176983
1868944256
876256019
982686558
1639064672
1696391595
1731165242
1420511213
420212736
909300416
1650336230
1316245348
1456662662
1031359326
537733378
1165363117
890516857
1350158997
1080178777
1721669793
149681358
1533452289
627314713
1552458187
2090314558
55126055
61616273
1426324841
1035628693
632782863
1814956146
1462591476
169940251
1542942324
819316522
56771159
292485850
217898821
1267859954
1935127152
986749633
237229924
1655494940
321667293
166465483
817246346
1265740092
1049016561
2142550341
643205455
1632874596
120800940
1891684047
1999573457
1716319428
1637927848
819242146
173212542
510320430
892126652
418673219
2102691959
1275396944
1538796866
1654100434
761355797
77383689
666119302
508612324
1392112736
1672201942
2039323216
494219988
1149692799
1664266349
248415677
261524885
1843752389
1793859914
556281403
297031351
624145207
1373016475
2003631765
1059555076
844318595
145316827
1595543980
1323311222
377954191
1442237075
1426303586
1893578061
1578626386
194526125
1812306471
392011857
1645351378
1333025968
2062666276
1039832238
1202015031
1283615239
93187643
744344543
48128482
1925479217
1862239814
1052674280
325343527
1018785934
500163957
584964608
811243563
1027992745
1749641380
84734423
257117074
880028934
845854477
1853155458
608924299
1466240038
623049891
1957365347
1909737312
558062242
1770200556
245664267
648707728
1037115032
976669422
665342428
404114835
1404215785
744875150
1022716830
1440269605
1046884274
700542489
322620497
1902731419
606505663
1472155347
141339095
203238798
567459925
1684454732
1091632002
1306962694
605007614
652383181
1246539441
306110295
1410547526
400163245
544560765
1388621080
1241229002
1196854552
443582819
692290695
1269402553
22272817
848972540
268250250
1872714376
1940516167
706060991
1608965951
979869683
1248387333
2120794141
1073598307
1774694667
523285113
187201809
572239780
797243658
49424824
1173800708
423358642
1722282871
157099554
1511567205
243558568
783376269
401325792
1434736267
2094488485
1092336367
2137493147
405419202
636202015
746085266
2145619928
402879484
1996828477
727699193
2034746098
215980211
1875900459
2138692983
1159511759
363530126
598424209
605881917
2111968558
1149750067
862607857
101284701
1679172439
522375192
288073587
39648773
2127856363
128091860
1785486115
123277849
599692574
1277064749
1183303395
1669158826
1518915582
394624176
1075624400
1366859565
1362952570
717267870
977160341
1596857799
1643322009
514067077
678677377
1570162695
178025992
1228947728
1107563656
1427504614
342989834
161926155
490124952
1641462160
362031726
1808568359
2113299311
475407874
1882760470
1460844885
243986044
200006095
1587030808
1538508139
1028624475
598921228
1611954322
1206631654
1453889792
1308961831
164599404
2078149106
134575106
1087887444
1383101103
1077394610
2024387863
89409399
2110285268
1252485491
1424942972
329590401
717156129
866122307
1582040248
1072780315
502627232
2118723138
602231376
799028082
2041486357
2065329854
1259068815
11646627
1094788761
1123629415
1601561927
804360514
353328026
1683382375
2036145629
12898997
473136070
1739614665
446912827
1785859393
1136754942
1943134203
334271643
1727836267
875024060
646406684
962311914
1129696920
423959348
1033118973
1972778442
1448756527
1820209283
1100251672
837079687
511162091
1192958280
1316872373
567440775
1676783580
1261188316
642372633
717538187
83838269
1722182015
776444053
22945346
1863114408
670715260
1812436267
1670952695
1750224340
1844887447
1196550465
1849878581
92656673
308793981
1389304382
1674250266
1721042155
1428189788
963591265
2072183294
1978668866
1271811880
2080281066
737186179
207690877
597417070
222100487
1773509618
1576913246
754704850
1734553341
1433118130
1681068119
798613496
1095673672
116744591
648242039
336293217
1824500943
525341871
839790172
1361680578
1032477781
1871879718
2051029811
1569653456
243522320
1926107549
52392857
1815342012
87520570
31495069
21800589
886851756
2057433985
2011738358
1915746707
1028882191
1750578432
1273449446
1575740396
1560460914
1179838672
1142363634
1029466619
1005173054
558185441
156755848
1087034177
102205760
817275535
246168411
620937628
266514916
904792530
609230175
1155009374
1096875839
1836267266
1164415436
1522898495
581009963
1936998280
1335445856
451472791
2142529223
101296166
1495757582
1071584733
984293101
803966655
509020699
1375012975
1578718730
1747613250
1845798948
404820038
30857779
1580426083
379586104
1212178648
1483657184
1709932256
699069744
698715946
1508889975
582828015
590873895
1107368009
338534895
1186864113
150260801
1702349606
646517221
1106939926
2003570646
59792571
1864935510
892029846
753855925
584757043
971859827
1344787852
2141114381
1496620605
954561163
1825494447
1570429637
1663276721
2064416661
25660298
469491398
1251388608
524637464
1615653188
336827486
530613468
309132273
244346460
830677940
1105698635
1208433520
2045937763
537275994
72073058
1925264694
1126956306
310432188
1491942572
1952222445
1218137592
528893136
706640000
803109406
1045826606
1523183125
457247839
1064185814
704226769
1506565876
1241780153
478505517
823138523
1070573916
1142308156
506537182
192705479
1927856333
2138727207
662959028
48086287
1623466956
910110256
18570631
455697336
290396855
1340913151
2096996395
108408227
293109597
2058853372
1188581220
748728534
1469967227
71881633
1437873648
871631940
453338251
550979028
714628618
1849761659
38684527
1309430142
1602243064
216272834
1095456769
1544372560
1047364942
747383149
1997868252
1397564557
1042687997
1373050401
1935569248
1317614846
816428291
324925791
1536449459
799549982
798391104
362814588
542649585
1406158754
227479395
361613072
995257416
1988413009
1922194909
916281751
1493775330
395493598
2028384983
1539076681
1181261457
1478055280
563538009
1177047202
1387466868
238558919
640608192
360439725
126472479
986439675
1606682321
381559457
1178981677
401392318
1540649605
519345937
423673063
285756453
1927560457
87207286
57591802
458313345
1426287091
1585674193
2011510909
1844193804
1215176248
1816209520
768222152
1500207422
765020611
1989805148
468247376
1427321585
1439404357
1163847404
1029307663
1689013051
18024656
1358678760
1791479582
563717685
1137018348
1888205419
1349928792
1421405505
1564852814
1361432068
1275546536
581818845
769884904
520754723
487908257
1482526698
1853227272
1736737930
1526922834
801347318
1207726367
467834611
398688576
1601346948
654832512
1891439885
964554044
688207101
337656690
1873668922
1477375141
1282338841
1501085554
297391577
629742353
565369399
440878764
193480445
2052290829
1047225315
2019939092
1606670113
1991949953
1608176029
697591988
1457363301
1978014743
171496744
331969046
612258273
1378813485
800164288
1796137453
2078316910
32003014
1980368717
986895414
137904801
1434761084
1604815567
151711621
860584028
1920629083
1436604842
306903799
1430207505
2047069342
1047168162
1767889157
2134022477
551523611
1138011479
2090658757
2005899833
1497465780
81756270
642309994
21698053
718508272
1290925569
1267153813
1672262575
178984677
1976714382
813838248
260250038
2097908071
395026062
507826387
2067428100
135107277
2079069062
433778240
2080125815
1370328714
1458123028
545943591
790882155
150795928
926753305
435199334
1452454562
175683478
330535014
2128416864
907204670
810415800
794520367
903185116
1857284165
237958785
698910783
137433497
108936174
838033659
1095363297
815943273
1447741814
508467682
1092519897
1493388118
549691259
1822506624
585090253
1189221807
156362517
870376862
1921548645
329348418
371003520
195257792
612002990
1019594162
1238761572
1686936689
1658922937
1466873275
582285430
1212300470
2013500097
291008092
335060606
311279170
2016909877
1573527896
2094959797
1017508059
917919861
480724946
1883318156
921051335
1680932258
400993826
574030684
2114807925
418524289
1744176470
1494724926
186900975
1648199575
1263373594
1361879586
1927915130
1653055558
1552479524
1087539960
326239518
1541873825
431752278
494926004
6768646
1046450981
621383790
1407254702
1076090406
1322186820
1749271486
1200368939
1600989206
1822569263
934181495
457586776
994307730
1171338373
764888645
513813955
1681921052
594840917
1402765667
1897481356
947581861
904220051
1772757272
1207361484
1859572119
54245887
1556741954
651073426
794252588
77178072
597043749
919273610
157188785
699342250
1883766129
1153297168
2130018046
1925479779
490282745
450847102
189054374
182106111
1934866508
236548377
829821131
736012939
1716120782
759199303
167340149
1524766329
1425446101
1278393412
179095953
1468010558
531098191
2114178843
1980080137
261567123
1914783181
1755987215
2062935524
621702985
691026784
1069553540
930455530
216616460
467124562
1989311413
1778366933
346484387
1126512387
1881638361
1144046888
1950991045
1439548437
916149821
1615483172
650994037
196607765
1102730419
1306223881
1430435394
138277552
123110247
498981390
772042873
1643940232
1701962821
1531528614
1457042371
724514216
659057607
1920569576
1510640601
1254826580
544374360
792990864
1720146591
1275310135
1188172568
691457102
1482416565
671018294
1753508953
255737115
364220732
724676053
1099254971
981838742
359957500
237905417
1626348474
2031081
1253705675
1231558184
603377359
1910096606
522874664
1683344977
2053075342
1429181157
1521502394
1308385998
953477219
1120661968
2076197416
1221467691
486222627
12170922
529276788
941012525
931178420
2046450688
1087516276
1894149847
1491156486
2053415964
1988608218
1061195320
311762534
591346561
790754841
1062038661
1651218093
469114545
1897126818
1413652943
1308633661
707395593
1998042170
1750871305
1024481724
282582427
454199669
2029896505
71612855
187883210
1618389850
1388794046
802220184
1921385444
2012873851
1952458200
138603673
392077530
227699557
2085589670
729177795
1721767209
192743353
2028151043
1961472327
707665864
1860980813
1658463381
652479025
1231164544
1172298599
152862148
206739573
1574533560
1670815918
2110776305
630556048
2136355003
384647461
46172375
321816980
1022466101
1098150621
898620257
2085722172
1300205328
967360175
532055583
2024524548
493497978
1865872706
1339336039
2012730444
1113287385
232728701
741785221
1276015087
1081726445
704431588
297016264
959977461
839245560
1500366967
2093954275
459720276
1061447960
927050650
1087131449
276536378
43664147
1237258138
2130778736
1725462689
1046228802
658981423
1418660532
422713239
1702040738
1428974648
1227644634
601140979
1277678736
781517180
1788683640
1213575204
1208084894
1017815354
1406088192
1861415118
677153847
1766487613
47423105
1005651307
289138750
1740363152
247206126
1787613407
387191858
265062956
1929178123
1757839058
1955706119
1087604134
464563099
773383470
680305552
1094801313
1641550189
