3186
1419007674
822013728
1102555819
1597511384
800342935
1116117792
1078947721
279294938
1586303826
66127710
770231639
594074274
402618145
2065970889
1408071815
737697894
963939703
1143798818
1285475573
1277777709
1896004817
269667835
1872560648
179149277
365245400
142090072
1667927797
1347253026
220088497
876922219
1890936029
2925183
1495126391
1052695164
340654644
596829488
753469017
1342343085
1849065082
1756451089
814954590
891286996
659870298
1201768217
439267410
218451952
980463247
576609739
1008829793
804266601
1992283946
1491026723
1896361055
475334671
1922672860
2001266121
592479525
80837546
1799163476
336113482
1863597289
2054091078
1903758488
1495613857
885297267
250749009
2145067472
437473859
990757194
1013147024
805532276
223232169
2023455640
983139591
832436441
1780829994
919330994
1853894251
642718213
388048655
2093150775
683195860
1138173206
1362808171
1949734125
1020114071
28938031
1377661390
527552245
1257352786
981756268
1503060807
1373510718
1502259973
2083030989
1598185506
1996467155
1083628356
263750573
1273958906
1317331734
79089164
1387846073
1200133889
130289165
1794931445
1276476929
760251251
1522563160
416079519
1467728108
758570949
211299833
1592679558
1998790854
1214263820
1433802877
395388942
1988345176
1068566526
1225945371
1886933271
137275732
696120262
31018429
1916771736
1472599992
1361200425
1971337843
1375923298
664907208
1804667642
1544424719
1119220694
527146105
1850487739
600357569
1594864962
1115427275
944660327
987404723
1478363324
941708144
292787639
896067650
452540733
198648844
2037373742
151474828
640054212
247458563
132078023
287619864
1958734071
1810720709
281843738
1847221884
1600992897
621098247
1795698832
1245919593
1345793603
684863889
1495110199
1944188560
70139034
1070429023
1815218863
1652081637
726781732
1701649006
1064138152
1114689191
1203218690
2060012082
2060994204
372011331
1387555830
955146151
1242486326
1852036842
941872355
1669856575
932977261
1133583582
1683208596
1613337098
53325833
2062959158
1397711761
1948460452
153477661
251665025
2035614513
1448245919
2109372811
300377943
1295771009
1142443296
1424519143
1760118552
1000702528
1503385285
2012827483
733787308
716714760
1307890585
1620330708
1311337409
2015573394
120553841
1497488345
1385138074
390721139
1364734857
1397415035
1697881736
914035603
952290032
1403489451
223496936
1197112246
172433799
531252146
1469807036
891797071
728179807
1055420748
270584037
341848759
1703289607
1700521617
779856037
498877079
348512200
1511440000
1417420779
357408770
54726688
353277716
1930782232
1572529790
573872530
877161268
953827760
1804029541
2720736
322056767
1575034657
920362507
928902064
1793371196
103438191
1307038394
610633344
38450824
1527085518
1366517695
2060865212
1408974051
1915866841
1044163056
4242567
1585836789
1234142659
698389866
2063501551
1944085315
589837662
684713990
536878498
1644986148
1820056114
1196613722
554352296
65370081
970023216
1678622099
174171596
1750044985
1529600602
536091359
835068897
1923311858
394049831
327972880
224500489
297567075
128665496
1517968325
829845972
813578849
1788655187
897374191
2138366405
528969580
293055949
2055316254
1253482411
1371595866
1926364139
1408919121
1152938409
248198034
208934027
1502360217
1992093946
490941196
1642109932
1902303947
1898204274
747731096
241087818
1039214128
1789147236
514464468
1837846665
2092146834
1156145167
1649667528
1851999405
854279408
2050633889
2131934482
68590668
842539277
368344358
947119190
118071943
211911718
564398536
550001236
2104747140
389916816
824967869
1705099368
1533903402
339890735
249412769
1516189579
1927394142
51740882
475074463
1715296940
2112279087
69038268
1217356114
207432848
421617863
181812049
1011282375
1270770228
2088458442
958984512
1168943785
1360378651
1125280505
450174141
496184290
1676894992
2061442904
403163365
1617740518
813329905
508021061
1004742949
1639760047
1535173347
177857954
1599499313
1306729147
1991065842
1167752587
1115780971
339313621
1795606876
404941608
1911485764
54216425
1658102607
2035128943
1399402833
1445132150
244152144
1800464985
1386054218
1519504556
807030280
1566694950
523762708
1462287756
1788896233
1310795656
1650048149
246986976
1515366779
124838801
998012010
1530125291
1751532583
1581052689
1810289535
1088950678
1700582828
1105773793
717942621
1926955356
1948083614
189789175
2004003063
709270910
1846450575
348118274
1364971605
1576247871
1493670442
429522409
545945696
421404754
654739045
1334582936
1170570061
82125475
1741104922
1886657407
1157227311
487458621
368868630
671693106
1138178299
830036931
1821939448
518574874
1187252582
1009226719
795900942
2115731215
620448120
975673935
1496781289
470450875
999827153
351133797
1620847859
1689923479
952098979
328448757
1903492456
809958578
1820793014
2113510103
559944276
557413476
411295311
2019641888
1005328571
1666995460
122696273
2107314588
570193437
23199860
1383056123
765035454
725751916
1047465192
1941233993
2068061903
1620267629
263772906
1978181790
1286193063
760997810
1234993073
966710791
1436920805
937844513
88371321
854910411
792542953
685585280
44343823
94285448
906029758
672544549
332632149
2003007542
764964354
775862198
288541305
1876722975
147979557
692595059
201751366
1360749144
791906277
1874785190
1527600934
1138442056
170891099
1650115126
1907402056
1381093061
898504014
1559850970
84843503
497421163
945829409
1877502351
269630402
141560429
1776487346
1978375149
119902207
1371547456
930661497
198614505
1077537858
1266171350
1807044319
1390313412
729889050
292866864
2121861365
789205210
248564053
1818508308
2100105237
1605699718
689819652
1414197729
1363600991
1583465988
498762973
1415038208
1021244714
830643755
364187431
455189968
503408395
1140655200
424315130
1006253820
497359362
879749989
335219358
1106282909
1495707162
1975153416
1378468467
1840112449
610197104
1083659867
173889084
1557164654
798180747
1250990924
1814049069
181405319
826673735
1221236070
156376110
1017390747
318034895
1483424435
274697498
1413402243
1954357545
1134694344
2075073632
716481907
860163916
723263545
1461747639
2046677896
2044381039
45111055
946100905
577882071
1132644866
534337752
431561724
171967568
1777326368
1970993834
739936135
1631751170
2034576184
1579200586
1795186773
1527460011
1105742818
1704018891
792784079
1883437482
2096079075
712569722
1760471052
1293952684
2048992342
1774455975
915463604
800276062
219856439
245797650
1861026618
2101195908
233746243
310567612
425481979
1791978695
1542856845
537898294
352613914
553637924
1422184089
2122119308
2053743161
1782852659
882413452
1949427260
1674650222
1571943514
1699643912
570103834
969763983
794140822
585425223
1703176445
811292474
2096499203
443605726
360565767
1278138132
2018371026
540718774
1805465618
876115210
688829064
369594957
14897686
638358788
1015194636
1842931904
939893269
1575911059
2033250227
260839761
183934591
1606300003
1244693843
449018309
1330195389
2042498895
506516381
551416037
1416545363
2091914124
535474142
1277629254
1380424551
197544831
1445694025
1358223653
1461156835
1094897662
1579604649
1433895733
518062689
1474571928
401435931
2084162984
1669020894
1177403474
698293552
1487163386
105163035
294741778
1988525893
37963036
163083929
2106639139
626277791
1498764859
2037687289
739618856
2096496874
1330545146
760274371
2015912541
1103690659
1907390204
1715638141
959402991
530165108
1350076881
1665043306
1801548866
2144577727
672114836
232358658
392376792
1007270005
1757208719
944883228
1379703046
666520019
1854619804
1021882930
1354846087
864727811
860710071
1108263553
2044050662
1932623913
762185935
1092908540
206543769
2079142511
1073521006
1268217276
429851664
1789039431
495887487
2045480629
781198253
1184585662
1327602393
2074458230
427310010
512501589
1191376915
765419941
1840353503
1847670346
56656169
1083733593
858462551
1040086727
1919788991
725269794
1656702853
477728376
1976424021
266238561
1606432422
781863101
1491230300
299781903
1196493014
1828675670
1233152603
1908249930
1572853538
1391745053
277504273
1706521165
224358097
1839300772
1095311762
1597439
97196301
503870073
506396735
461916285
427428998
1707252108
809287767
206223569
1962230284
136003651
1205451227
1883389476
1291609757
2086197013
1546843952
2126532318
1973968165
1342335684
535911711
2013861897
1916754370
823127563
1097179677
1126964202
1246977415
1990438659
647967565
1684504927
1446764096
678507248
2112003516
843485589
1512664938
2001690477
2008423651
179421978
2107206146
349377844
425245826
420838318
1698762240
310698236
1804514936
354080121
1552710592
81168831
630998549
1958686221
799857454
808112946
971895850
1607359910
753933324
1689304707
1117782684
1055752509
1943999389
657181971
1721120342
835346937
1648253580
502585278
1996235668
1531930066
1154600775
569830411
301245940
988319804
1928265605
1055880709
1052992359
1673294649
82906265
1597234262
783592156
379312641
665310105
1345805131
2089252081
1914686316
208062931
1409779041
989891024
1070525407
767951185
1720103811
68637601
1497496003
1624518195
669785922
2094509056
1440587056
557002195
1850363010
1084437726
114235346
842791455
169355563
302497150
2114578088
338294749
1677879124
240763626
670203923
558965579
215384961
1924969402
245315278
2002490863
861848588
1559226723
542550741
784836519
1703006976
2028202258
1630018620
747261495
303568864
946262813
577339022
433340291
132730120
356961798
1694316092
1975090331
1115112462
272222453
1811308969
901819695
469245963
648625299
29109506
1577241871
875127500
741763296
1197127789
1464137236
623236520
1201487325
905255869
1397242369
1824134740
1472998470
2131897970
1845024512
1064849140
1212222993
1460098864
1670529162
1484682446
128674938
1438201845
341001006
655513095
465264177
915330181
1107858866
1374515864
772211672
1643158491
14070582
1093087921
2061778748
605856927
806386167
1103219512
478499293
1831310390
278886139
30358285
1373488601
1624375565
319656419
1402478591
697616450
1929258939
1507074870
1981676354
739070326
2026457193
4189277
255152672
737951467
2027014994
1654559038
1876642480
1584166281
743833793
1373280524
1892156607
42933305
1637752779
2120006962
1570273112
1139134304
180324188
1277747943
87536196
1731716867
9288795
965418124
35953464
1101371062
1615101424
1657007326
574019314
960501589
1319529314
1481428187
664416752
739144421
1382172202
1571688488
1543463309
283701943
1603013552
839923747
1220485096
1633686147
492762377
1203500445
1617682835
2029908107
459828539
1025999388
1844612814
1089285819
69212278
1677456705
82823495
366250705
1426062581
2041200473
1988382231
1740703649
1543533094
295817421
1267765415
350125929
580773968
98606337
596297967
57148009
2139974558
1175871457
328963324
236543367
1978764678
502676911
469376433
1706223152
1345159144
230637118
586430360
1605356301
213226169
1254860203
1528526302
1881096132
1818110045
374930971
308673799
324875505
1139399301
710352501
824862760
424720538
1082983057
1269680762
78791858
1623367130
919585177
1760067440
449442047
869640419
1191175729
960612129
801349573
1827272119
508992875
997541654
244213965
994828392
681409146
55891333
2023019730
1067701470
1161845018
1968891403
1774244281
113282462
1592167310
1867364310
207240319
2114493698
2019445286
288033524
383574427
378949149
1185081545
152818943
1076124227
1843454473
60812145
1298146283
194596759
1173737334
194901476
1477583420
799892215
1621136544
1047206347
7219180
442771302
1733229307
1185042812
1002827940
1960561090
1399044102
828027376
546050209
1600010067
1729721096
1868825700
269389506
1956965030
1648981098
837815492
330578537
1420040317
219294680
1632146872
129357857
1353679025
1272059624
1447086884
1148986984
18076617
449324534
1248796835
385150565
1158202530
1888815080
1121431455
1160632353
974569651
2103624669
1272127847
445804875
1081857909
1437331587
1121970430
1887780296
151186901
1510465609
1964384242
358063288
1728871220
509554470
547958099
654426209
176238040
283487826
150578983
208584111
1065816830
715414409
6511113
1227243092
2139604519
776177751
1557076124
986607812
506688024
191427026
1841101347
510611713
801159068
1033643605
1450239358
1957762688
587802755
1340099678
928782509
37737355
1121496056
1040334877
611026391
615898044
490060393
1433131920
953623043
728575718
1171504606
221078428
1659318365
1962909152
413304413
1080429228
136792955
1882649804
437949358
111592219
387503509
1705825436
1830554935
304773257
824837516
720818481
718774374
480506666
2035562990
393315459
1456592153
1612192433
2125357446
1061015401
1915539569
688847782
1132280597
988286871
713572305
1623886134
2048987258
852057594
283144973
784777984
740185519
1261339314
114254773
638980426
1106294221
1359241692
819450789
1206367933
482959682
441630822
2030978222
570246253
593474747
768477103
736735570
1332324306
284176604
796894119
1874571775
508398010
1781228710
268949262
377328982
653532502
919099365
1732699765
2040564749
371310242
572372228
1558043155
665449557
817161133
421706522
354304583
264588334
1063597097
310951490
2023583936
957155466
2120505892
1675089560
526967275
409032512
983911783
1198950902
1810408908
2144235079
1198978209
1314372223
71816756
1154542235
1476113383
1359315251
1185648658
684506757
1218613985
1950593168
300142728
1403605400
7175723
526281934
64387486
219000382
890745446
55199189
130478146
390432944
1081328740
1286522881
1070148382
882088947
800660492
1639978025
216396138
1573028366
403633967
1908167327
1102633007
110882681
1085768181
703799350
1438352704
1390732795
1228332005
998266065
271695546
1933132550
631279145
464449861
1003359905
1488283785
1375492544
1453646619
1611569529
1171650319
2036934190
1172812010
175531558
118465647
1148666619
838837772
1101105992
527078773
476062584
1031643508
268217262
328522203
749730977
2078225894
1123755725
896680715
357069924
676532891
1681228948
1970992854
1242191789
1798635293
298036146
1570861429
1006011692
62434538
1521317839
1324608865
1562056123
1756946808
408911987
1781730802
947123194
370242763
603480759
271880810
670266212
332943414
1986090357
499223693
1484582684
578045758
329204529
1319112532
576498182
1237034627
1958820844
1559128504
2141401068
1951320734
1140706692
433608344
380086930
996976671
200757454
1590628198
1189236978
2086199031
44201470
223873736
1223318186
605274867
1641638345
147617052
1882669405
1754431976
1942339666
1896996343
2029149461
1704565527
465336324
391533952
2113393616
1896078056
2103953467
1879547474
518841956
1281537898
1333989922
953577080
1194777118
1247460756
397152462
921365347
1756515921
1498859966
1954139336
1416557518
810806138
1467834445
52083092
84799067
2140796447
710347347
1603188389
22816498
95082035
575819333
1129988686
33449544
1332132883
1181905671
433746616
801565000
902617592
172276933
276105209
1564731427
1103924174
1034834816
884869451
676337958
121903952
163931220
644390779
1533958424
129215261
950058045
1812962809
1993710692
754404525
2045103878
1829381139
198600812
2063936127
239311692
1624819355
126166575
1679248724
1480701455
93354333
24257774
1067737217
496376335
2043299059
775489654
842103288
1428851054
1233871523
60209361
1733463726
997775443
1634296466
682867750
1401855686
2034734410
2093689532
175693148
1182973611
1840514474
1285694496
1884438026
1582229061
1187801425
716663215
136492748
476810702
1269241523
1782445862
1767303433
964019264
1285173046
1134771940
791838563
1486486830
1485039839
1208443644
1769543960
1861531551
1544191516
696850581
1798616933
913994773
911053777
608674660
1204591884
1916260837
1695936908
1624693444
1700361884
321581639
1000402007
1087498517
1385287732
35798718
700013379
1661725171
2122971791
599914366
2004146616
585124393
2142183259
1426753994
536662012
20203359
1020044170
1060627746
801510090
1667707442
812760992
691870867
37949433
1694338671
756891951
1432065803
1411884282
1021075320
1025013826
903242334
895542513
1532181675
1215354391
1318952922
679136337
1816473747
928224076
1111763783
1386086323
1410744156
1056037074
584514879
1660952604
1310471019
1500206022
1898859468
1438558355
175590329
1885826878
2016360493
189590708
1049005140
1771942600
2072515011
1384265338
1366493236
224014346
1484373208
1955905432
1166928325
878157738
916323165
1961933096
1921091402
124689633
288998908
1336651731
564809451
1282445849
594815146
1763021833
573507064
243517057
1883668167
705481058
1723796758
1025239001
1425621968
1399844781
1767983536
230056655
1358233204
877410062
2140064186
1188383358
1720588244
1189603507
716856164
1243679655
415922264
1884377849
1765436549
243217481
1026212278
2018196428
1810741017
1545364459
1358260994
1854188225
2032486089
1576508963
1574851393
208199450
1257199876
709394206
636993704
1076642058
1056748339
128576314
1044636352
1818984979
1752914733
798432909
414495486
2000677577
803852947
1838762432
1265589900
755125678
1816664095
1594828234
336256068
2066977692
1648879666
2027879149
625217300
1854961532
81461517
1637879558
229912333
1276147992
1335897584
601835293
360545755
1722960635
2095613832
1560487560
513906199
245107142
906741289
958483909
1748007828
1392260414
330867881
866315087
2040380743
763234637
1396487971
1455186829
2001484612
1751195584
2087889216
175776155
1388379267
1006299121
1593219458
889998286
1386867752
503054319
176888951
484371180
941002003
569237606
1295374584
730811720
1952638901
1782575575
114065401
564499901
764418496
278621101
571479102
730918073
1177644287
1902476523
292477572
800968180
1119312327
1518006126
1119899397
1796012737
1546452564
1463665376
1226894202
1368286690
117751414
978925576
1685931622
1189322041
96520659
1723355405
358605791
426448454
1993165556
280450116
112086538
675483353
346493278
17898949
1651929811
1786204835
1940354446
418235766
2059053584
2058484442
792676895
903668656
2001788262
543991277
1378251141
497396581
265248612
90217732
1859954560
2104856061
926464889
246741589
787183687
810262600
674689546
2024941876
1907292505
1601290496
1670827239
153400751
1044158595
1866292679
600080034
1208381535
1938239660
118274977
302197815
600355534
1012873598
134152361
516360726
231228313
951222824
1161942676
1762323872
360437443
261152933
780260800
1984022585
86161576
1561983337
1523828561
1742535423
1148866519
2100420408
412616490
334067664
1079586340
1765761933
2010547536
1780332323
460878525
1576689044
1754875383
699189322
1573830699
1391641508
1481523421
384345231
1741400389
892453225
920627417
1010633502
2146224442
1676936981
1361134498
1474295173
423623834
101297137
1835298144
216807566
2135428501
1799515127
1919472573
1481280768
2112844740
578798832
17110504
1206685007
184306291
1268580093
99699445
734040572
1743046149
930297614
1641907015
521387096
1139872950
2056045167
229016667
1018972196
401325897
431696342
940451288
1897848265
1303657974
100168534
1985121155
610757322
1702505403
749839725
1207514727
1750854071
1581799724
1146781132
158079259
1122224324
1950297652
1231102920
866260024
1807264597
1334604598
230327587
2081153388
1085233548
1311738916
1086431989
82405898
881634991
1291298306
887353410
841878080
1125610944
784250906
377705414
1271044331
669694219
971167782
1933127289
305874451
759908068
799619861
1291321315
1165368374
1235607955
1686093102
1662444718
82187153
1773790209
2146470720
785381914
926164735
2066046427
54592979
1358554769
1032288467
840690300
360015296
1182980986
312844264
1915194233
1805099527
828754766
1300644557
600421454
476536766
741242753
36887815
18329002
1168048489
2124353759
1703369204
2141558376
1834064329
891703662
52565595
954285001
119103904
1984568564
236985839
346280954
185618252
954889361
1939763722
2086566672
634418345
1801911840
567800567
1735339234
1509712531
255123721
1135530581
547714024
1833499667
525310896
254229556
1145577330
1577321668
1150273124
50604541
1215635639
1666474182
1032980070
602072870
1734156133
1736781740
94602509
1049956492
279181827
2053427637
1054463994
1184328957
246556064
1211815495
1160832882
1943706817
676839756
368709298
429458206
764397426
1549080095
7567215
308884309
53751816
981705201
901887798
1637949787
936855404
1393134382
1065491728
1926863793
1306516153
51670290
909688788
1193357334
956531870
127966917
1270139085
1729706797
1071011229
93969203
188191664
1629473162
1425063384
1351568554
1631575543
526849774
1272396255
222714899
967991851
1175337595
1646918329
815727037
1812479811
1708636521
881796461
651432718
1549151137
668229899
254414857
1665064571
1441830299
2145827934
81843827
270805989
992234208
1207370964
336482523
1835015338
513051644
1466374456
171900275
453818825
62684109
2136560713
1965700930
1193011643
517585723
703876721
357667367
275238932
1073986109
1704290041
1040164921
1555816781
461145890
1377654963
2027543584
1436252666
1593820946
48107565
1134864147
186066152
1059736892
1800938974
1850678502
618964002
573484054
1217196297
858281340
929290188
211614802
2064615461
801496574
989196537
1557281316
780768554
1997078011
1196853111
967932500
945669868
1132483098
1914555941
1567897502
1545107544
513187690
1866842950
405087560
816954132
243924321
187430764
1368115254
968499154
82051287
1518262074
309475950
1912794099
1474229639
429711616
1799520673
1725035863
1908325846
2036352983
175244721
9003524
1998225193
1307592944
1608164242
1928416728
914357272
1113476778
329869865
1949752356
975477421
354839871
1585644600
819722628
808883171
837038306
1216060196
1147126768
1775581065
1035213275
36926740
747103900
2011391429
1913248520
744143893
1911137660
1651065274
188215166
43560662
137872450
1154769034
1764144841
238654546
581045899
968135129
891415068
530331038
1828728358
445471572
773861726
120033932
1554157827
559346945
1199065984
1183719891
218545605
1852989555
1837294330
1051460185
759968821
157615744
1576641592
2141146220
16345514
1447056959
1400355161
521246019
733800512
2043834888
1123140312
617416790
752475872
425860122
785510738
1638610757
920358569
1941793241
1844828001
1368872285
996342907
130822767
1493044479
1222219138
138535653
1545971990
688526890
1815237558
319114474
1913838904
1067208169
38323396
1767243121
1335836469
972528555
1058452001
513361031
437870961
922848324
250221571
1771983807
1502977622
591085584
1023269689
271724679
1905755778
1519291949
593645049
1953625868
1954085592
1832677212
334547291
1385307459
1958208889
8340342
120290185
1227516897
1423570817
177010841
519480144
287084156
1636878511
202867813
453877639
22791130
1300815379
1574378581
1415419554
757772314
149253929
1113662347
566158104
2057415425
2066301209
113045602
975687472
663660922
646541258
207506564
79446210
1081334200
1922291803
1695184032
248704639
637794648
1851701553
81414982
23784158
708891678
2121905703
1004630603
1557463007
1698640869
1376469970
284750177
1230729483
330436449
1896388726
1836741900
1065457993
1395075215
1080097964
1883299900
1719994056
977763677
674436495
203414217
61842347
1379621017
1553708961
1140197704
676086878
1259937420
2088482994
778968308
585574387
2061943671
1560353110
1961277103
1062226370
1964151326
2010828780
1070470102
2029091088
469328293
1063805223
2061854951
1607881222
1540729788
1829679394
1720846871
1201153478
1578971725
426691721
1216595788
959022240
49077842
658544883
923010169
1070286850
856982540
1102312940
412470165
1001269375
709085912
1369963249
1976674193
2034829831
402988201
953881088
1875325380
1617382334
118127115
694036333
943694573
1334940844
1745229689
2064467676
322375674
407861635
656783222
1994887097
284327664
741280901
1249099226
1166641524
999639866
630404667
1911270474
377073329
474749024
154914456
787759348
352482916
1115318284
2118234441
1557542886
645378023
245561952
1276428313
1111037873
538278900
2069559187
697330159
882613253
52911286
471475542
1042628412
65132433
156984280
975412081
82078694
1446044155
415144753
413378301
703665680
1272294098
2082724888
78662820
727860998
1273423471
75687842
2108011936
2089401090
1865353753
1089406758
1766341426
1561852898
1112160394
688563727
2023212599
561130875
277945212
1604082681
1883651640
93636166
1354625396
778499575
1700942576
284350380
1651379382
1591752659
1496540630
1694299381
434198698
1578555208
1658830164
1639977337
55110096
1578398705
1758253553
46587144
394170744
881126459
1173742864
800402223
185783699
2021071434
344881870
589065712
297053614
1379596424
648393239
1975404890
520758415
22541617
2116098566
478542291
651712848
286026554
1682370219
1924650484
1199091582
1189424749
1409866820
747728088
194175710
62833919
620389237
608558528
2075442525
1709933340
2040788451
562588841
744926069
923699656
1175532987
839605129
521939327
1376434812
1698864711
1933750306
992020964
580690192
2105937263
1949578656
42132852
1392905838
203184027
1952665092
1291019125
1878365465
1095861899
625970365
1958455926
1976372547
926401096
1927464999
249474304
428148234
434562823
1992158773
1364892126
1288645939
905547070
1041708917
2090643102
507962016
1592197211
479397410
475312041
1119212176
1758682627
1497576376
1576027120
1613270257
1163692369
1614254302
474695206
431024774
1546374406
1010688245
735079145
1215364727
1992694432
1697744391
195525973
1651275011
2125188279
1150153449
464011924
682836811
1758809754
1484311012
344269955
1010592032
1914372962
1833006563
1161241375
279265627
1946636761
104930515
2114897978
623069208
1613941187
875545347
514242646
1039709440
1876457655
874611506
125026948
1182888876
1485152736
1909798059
1916829493
648583471
653863689
1415117521
403480355
2051732872
1188959126
2074343071
515323716
1997854276
1696443746
1666909684
57725236
1976161779
1698885098
904244252
470466541
1512312585
254475465
1508335207
1475451751
549939447
1056372227
350854387
643070445
205174923
434640831
1026688552
1438656444
40507844
1426460267
6662500
1624677546
1263162833
857976050
602334651
1802968940
494548200
366533359
1194355527
250150644
1661908366
1165049333
1415133971
590454655
1254752953
173070151
347843009
1998625417
1487170663
186995179
378422975
1376332320
1312762879
1886437463
1631755159
1971556710
591297366
366303721
520546217
769732791
1189602233
1338446258
1176658646
1926280112
1602494038
1409050254
1854943406
80741998
124823953
583611062
1918350179
616985801
437134420
1174979597
1538422234
186218119
1315613010
872726627
1762505904
1387849177
1022881301
1785135015
1839978998
743300537
1588708479
441985736
592635301
1951902689
826689163
274972500
733611990
408453516
2060923861
1576771237
479467639
1624440602
1126740946
857616919
1353284997
865596485
1662347098
480112035
1106674430
1376293180
257139904
1598534974
1198170673
1642242031
497966150
1185798461
570121930
39174126
382073803
721000586
2104019596
1188501153
1422002395
510512692
1665968897
1229633652
1736305845
155627773
1619546616
1680507370
723107603
1943912504
248926405
1372662126
764604208
570599375
1164052908
2043576088
1089109917
1777561362
1718366645
643288872
501198200
1342941373
759591351
396485070
1767778203
2063331462
1117750969
17403605
2118275732
2006663367
266697352
1873558024
106769447
103867309
1087859775
2142368958
926838964
1560798207
430108768
138516102
2005612411
406795391
1466730378
1178648884
1721558246
152612601
729754830
1666830411
2130932809
910938078
100227000
1045544916
621191699
815762968
743062825
1396946837
516990125
1600330302
1915945913
1023700072
1802119676
56754867
1395677088
1525137038
661932726
1300849872
935087408
1727457397
1703129008
70599627
848051022
1109801357
763505009
1443626705
237551393
1634761799
1237347239
121533914
246018676
495059114
1798651387
1515379268
1255945687
698371589
871468683
420096759
813523141
1444424197
488898817
2134969685
1275427927
1646010644
1732082766
722356803
1751061084
765442037
107891123
721797934
309129824
1395642351
792301076
1903027053
1260511961
1852797452
1239059473
1607364831
492633279
748669472
305563167
2007388344
1830833842
215200663
11363603
1185766587
655648896
1689137161
2098275768
456089559
1450415027
1135658518
1430812701
682866761
31844416
248130994
1076490692
619972491
1929130048
1741119950
1809811897
2114696864
61761955
126023095
231090050
497382853
1278596050
856631908
1028097154
1526999768
609300407
1194472741
464203686
837681107
744189381
1937600827
450735563
311645144
645359051
306448585
1330152131
1727771595
517847657
1209283307
66633823
1003523264
575945984
651912265
1201467072
371324985
2092595440
1023224098
936701029
1964745388
930192791
310410006
1609990600
1471532232
156719022
257811893
1315560524
718508674
1538720704
790237943
1339755509
1441782889
1241292481
1845182382
1349113675
691301159
780093053
286898130
928329116
1687267130
354661394
34268860
1702750928
1068237354
1922418123
516722663
1534215424
1362008090
203406935
267957543
1606397167
1208357596
1638061098
1147015073
1345536727
1377165245
3010408
1099519049
1441311406
1399931231
1603608125
1683358656
1714452959
1385524402
286415151
530840365
1636101567
1252414732
1912429072
1495750758
817488499
1714441625
1590207220
1661500101
1406940667
727764829
1267050049
579840870
448071640
1355954318
932741065
1208774377
1489996735
196267557
1752807457
650123211
1168304568
793630841
948398441
751388426
1367978232
826599873
1893942911
572309632
1731561732
347266778
914808251
1550576960
1038856048
786200992
630850998
1010921355
1915853866
1229631023
1545285588
1643454003
818303941
1661360949
1186662456
1647650624
568853348
775274255
1227221040
468584442
1128844547
785973565
1049849247
2105262704
43977349
1937745826
721072750
125731303
1812392408
1084044019
1339095311
1074968671
309351048
1756556038
977924564
1894785774
527008984
317226128
684420708
894159126
1718641100
1946643406
359876704
1775937559
1299489345
1514529839
1214149757
380943964
130766525
1620937386
832022315
817463329
1411615302
415760380
1474310570
1467845986
1201802586
1192992743
1455481197
337571145
404671418
344067150
1047520754
94698740
1375679691
396008523
1166489172
1570636264
244681654
1384323577
1571581393
1628341179
1186420486
304100243
587126928
1496893517
859690887
536731401
281532063
2026985944
273985846
30933120
352527674
266480132
50452227
757079485
1529742512
381663482
1720905808
1553504322
1378221693
59942525
1042071065
1559557980
171694576
1365573019
1409970715
632062130
2029689129
1837800632
1614099752
1771887174
1356681860
192465946
293703578
1238921891
266272530
847501166
1083089032
1210256480
2143202224
1809023966
676311689
546783039
619287262
2055548636
1800026174
555424950
1222238222
368847523
655658095
281482549
598934712
1533374244
1003962834
2125383924
700027608
1845531067
786477679
1454555187
959734261
88950255
1383200447
1400249618
425192147
1809630926
1011819989
1468191469
1813462185
1242678718
2124264168
986629454
301325326
93710697
953937428
1469938086
1195266758
72421662
401862426
415478874
1173419669
847593067
826138024
51837191
351444775
1441790880
400641155
1076519258
170262217
1177670171
559147033
968334002
22960568
1508958801
1775210132
914225921
2128632557
980429179
72619015
332201698
1401953947
1232644376
1694093774
1630142214
1612496938
1696557852
1052643594
1852012545
876560111
603303466
441620077
1815850680
298549269
7407502
1759563207
1759984388
1920082083
777822337
1231836886
1904991065
401565302
1623343403
229382012
2075380991
533958005
1942977031
110123615
636976800
2088517087
958202586
646992119
1590242358
590275597
1277323742
1892632003
2057602421
94294090
1892039947
1312402350
899727524
1070614730
181419771
1424921432
1055923411
1659539417
1325563912
944046700
1152853434
1331705532
640343798
1461231073
917746279
1534198379
628933206
977633733
511335637
2057055195
1961593033
1677017486
2082780229
454660505
426652105
211201882
1064103327
1740873333
614010598
109201276
380103903
1407942483
479696265
1223236997
534570860
1842082921
424073172
1278728410
1012605449
2124576311
1660692254
1039937021
1875942453
1709889441
1301631032
1337005942
1015898045
842103639
1672077389
800043679
1860783059
345964003
236621071
1267118682
1769410794
1733225974
1495468891
537395272
1023200146
1162824948
97462377
83615164
1085651579
366985357
1098869496
130622603
1139901501
997863069
688318188
396394089
1471338088
1440427282
1816628975
641033123
180545089
272493316
872247290
1083218297
610856567
998823245
1785848404
954396905
858173824
119143039
1645499965
1062482396
1325707275
1809745601
1052094431
2072508597
228336640
669217478
1466423792
1120316961
1587561492
1705687146
1433125014
409833328
86265984
857669151
706359839
913090954
1436860435
1206931293
1008556289
750054970
1858438052
415510016
557893078
1311618106
1374619319
2122991118
994062486
383881836
124894277
2108912956
1228575187
920125221
1413605510
560298170
249532149
347167203
720949525
35432609
1740768064
1574519040
307087013
910628938
2087125577
1762955973
172026783
1767018423
864408476
340085343
821912475
1668946855
546906578
1498819143
534414944
1124848130
1419439548
1946861511
167702457
495482444
1979942764
1708831378
1036982638
2117429223
2091653015
1122781523
1639889017
710992285
1676122778
1062132953
868882165
804890911
2051672141
1470838839
573912055
811771204
1919217522
1544438074
2061092485
1855200610
736540046
1918577477
349924192
327745948
174381922
2109530866
88601581
1903187627
24641372
839359556
1921386746
444771827
384203182
2124663836
1385710629
1606702900
586642632
100628646
1147635742
2037531434
1061529909
249454813
916084861
1200642081
1549121573
1743976708
2105816897
1632463338
893228214
934127308
664253979
172568695
306121939
849859432
818800111
513620621
1088886464
1335603705
1405070714
778772151
1583010973
231908673
85998163
1047358317
1960559108
1277081044
632634226
1344492132
209729098
1718946457
914932651
646754597
2112259749
539221219
403903230
870466874
915264220
1093224670
1654517956
2034897678
504485071
1152976643
1346350279
1058717386
854086303
731495509
352131934
862186743
1763687582
800383655
441278248
590102500
364556031
1341544462
1745935124
605087207
672785196
417432138
638066487
542543342
