826
1649853166
1860466262
1575504214
1722358714
208024438
1764872325
2124173645
1818631286
1538309595
1462943565
669787094
979498266
1182332032
2137853058
62416220
875684511
600407248
1322448242
182870050
873131091
251412651
2084510027
1470507625
544620956
321282648
229914352
716935299
2059147835
1437393169
1096819930
1795476421
154497898
596000490
222739806
1932752579
2138858642
1482688119
1081039773
1528758756
178301460
558202616
183207592
1082206086
1584744027
985457838
768893208
1580064088
1704968070
1151043601
987711701
788822079
1373601280
949499309
1143895445
1528723861
1135330294
2071355722
995594546
997373578
1907665565
219604299
513393848
1486194204
338607801
1822071456
802626574
910542170
1842764952
1514928725
2147144065
390270562
320969728
1406269161
1278998277
1593594439
328118384
212065620
2061255973
547510948
2138603713
145400751
60415106
1799545593
95171949
2103140688
911183554
1263807853
308319455
1304545771
1641573380
961740890
486384778
1553624677
673170135
764674949
84656710
652081795
1223323457
89834287
1626654412
445637097
139657725
1257395605
349302422
1445423378
1061962039
1092254519
2071321826
1308435330
1537498962
1484074151
808899459
1667501884
1353623759
276764636
1265427648
599462507
98682773
1868342362
1790103837
2129900215
1376521616
320692026
237452425
512117190
652331741
515979123
2032067475
569008057
369285524
1111154153
1686199557
944590514
1600611184
1017965848
165891365
377895280
1320427710
1854722006
1844492403
1622083219
1517872407
195407587
930120556
1386645954
1886667218
1156190244
1978414442
1620170675
343812365
1999976865
577078794
403487089
144124680
1386374103
137183278
81465912
1985727307
1812544610
79754124
337334627
1227765798
1772761272
1142097817
760328966
1334372064
1138971440
1318975476
1063933355
1957512507
47507403
131345794
780025369
536686485
498310292
2109116234
447885966
1635945883
223942714
1077673294
1923240296
1617006590
1001960127
368872733
1022235560
1736197020
1393968513
1525292543
508341586
1276679124
1863570166
1446865109
565892333
1216510532
11876698
256487422
924369723
1120984853
1853814700
125629769
2001718559
540475113
264675233
535943541
3303118
1024836454
2134088531
946596069
38369534
1985617254
190859311
1668869859
1484653059
483110313
132826059
1952674411
956993097
631635564
959344747
1542432857
1424664554
1965729458
946395166
323618061
533017948
852319270
1227027478
546713206
1349817818
1886091946
5807043
1992428909
1295718382
1735437839
1013398147
1906588952
2006654592
271534970
944209065
40656834
1673435985
2089920976
1147020094
340468828
1782816231
708860747
1396255444
514385457
732494894
202574724
1872763624
1508315989
1674768769
1889058046
406336045
2101568783
1054808476
625804447
1813241531
595579569
456065738
166940967
2098989296
141234610
529566988
1563456887
2040613626
2138761230
1538866941
289408744
1877587642
823998186
1332294772
1304375828
1935662664
374670799
73947658
1832435897
1578230328
1779972441
220435370
1829308364
274162087
1247391156
1561491121
1853586947
1905571066
1999109186
584673742
1795622362
1737843354
301533043
1823981949
264995604
1725472464
36826747
1518765901
1687924711
1006953132
1128800044
1913632774
547432901
62624728
1816192430
1136613585
219299384
1971703123
1048709722
880785832
714198515
200141324
1773823233
1179630358
1987306498
679373558
881054908
1419188891
1011476887
414285052
1997208277
585008022
1259553034
162604428
2064945470
1689437730
1277553935
893270019
1275136065
1530771830
1111926930
529238299
865172965
199198777
631091451
365271335
765952880
655213081
290767946
1313830918
1206309962
2092260077
432375741
531638387
453516542
1928971362
358043312
724308217
2123604774
550932309
127006062
1047609707
997760779
103038314
401616163
557826537
539813875
133848528
757263844
1128654344
738550680
340472132
1864439444
806844770
2032472751
970085632
1515464991
660186172
1284857445
915048984
398995602
251057450
1235494975
1181500071
1169991473
687333629
1750494565
673191841
351772958
743543536
1165286142
1569557850
555408754
223812958
1275425153
146684125
1857421455
1250321799
273623931
1315473844
1329086370
180749338
407377976
1077905794
1446304611
1193649904
1649702504
1146560895
323545159
1778794421
393821536
104723583
1494487241
432155941
1727938388
3614446
499518552
2059813641
1783063312
911821975
2032127822
591318381
1242270351
2025515507
187606809
497569765
1526852719
1273758705
1102986725
1533466557
1685795691
1702566210
30172082
2133926160
1719176958
2121714451
721192007
82446669
873946815
313828484
566639326
1632284380
1028377749
1962723250
1983636049
1207182201
2107241539
656226522
1090618302
1838583582
675823396
1620095817
1202313963
2043967897
1098837058
230296748
512251834
1213100843
218893813
218007906
1461003165
1890149978
436877741
497419102
1756635627
847200314
693177079
641498368
1792478927
1624092369
1813457812
378846577
552076156
1098592325
1722922333
527414424
1884390247
1723950917
546392974
517926187
390815499
2026394443
1323742615
1594149768
170871111
322696044
2029388170
773866427
1914985956
566864530
2046317915
363876340
1338670794
2074622376
1129160738
199720590
369072808
687927615
1908342115
1812947846
1625190473
587601510
1499787107
495749166
233852348
704968552
1572462850
1692618088
2052704094
1299417789
433116833
1085162486
863395990
1492860551
1770436276
1177758592
1166482506
985401073
1072130247
1941993332
1928375733
138561491
1766566747
1351354563
435642569
1835241320
1631015245
1559320614
272919522
1520156410
1891148989
613445156
673603639
1321029700
609972907
367300627
2101498899
1795251524
30500479
2019298166
1905831376
2090893742
1978626555
1804472155
1130461692
45878026
599933861
152917321
2037829228
285361278
1860038189
1392032946
958009387
831088408
1530901860
1136454801
1544435711
969301200
865942517
721095288
844261695
1504671067
493450943
6837420
757654980
436364720
1894691408
1604624860
237074593
2009581561
71738185
1076487172
624606423
1142834936
1232199253
625719593
2067193270
178388913
1836895736
1309801327
1874579881
335043575
592664490
539838023
695477631
127402527
1577784289
1818519570
1959447433
1805834122
677997001
1527779841
704669489
1906556482
169792873
204432204
333850682
108627900
963270912
782679183
1880207630
2045626729
141885205
1844898828
1393622594
1528441101
1764472003
2126972820
1910629294
1975289945
326345248
753284232
911413624
1123876616
1812130762
387200366
1379506813
1675360853
2112293763
206608186
400005623
1605264817
1288188175
443416980
343841027
1222481246
2032045831
253949344
754778747
58950911
1382069153
1312072050
1568073050
702870739
1098046109
1091341072
1540693965
595279217
976172512
1912299742
1300840664
250635578
1960107266
759831992
363067329
655870567
601174944
1849018672
857870545
1533188595
1292638590
1940852622
1543379709
2055501007
1042678080
138794382
1331429876
731648781
156281142
322183358
1220663668
945030746
994812077
1114866417
1607516599
606464883
98249061
1279966442
774583890
2138536756
142439407
1409158663
1738215878
1738797388
1965452408
2074373194
670332114
746567181
474380203
482634971
1099643493
1336937505
262075098
672627054
1014457387
1266137053
328092338
1811154430
237795661
519835189
2036725485
1891306563
1008285074
707662514
1914763935
1335972501
45120349
1670914081
286013061
1628234390
1146528775
771947637
2120767493
954530939
951597116
333053855
545692373
1252027956
1816889944
1082887289
2062120890
1957700971
2050140087
1507019789
105344687
34175079
464695461
196693054
314376513
193124312
494715254
891426087
115669376
668629605
1335598908
1757305262
1927019862
1525100010
1262880865
1537593837
1207243883
1744282115
1297588650
276883164
1633157676
1263107776
1703709642
2073743291
789554543
928643500
1135073617
216262893
1348984278
244899321
851298600
1728449296
552262514
1907974780
1118260182
1193100733
1056193009
1242197280
1954689546
1430928763
1430686886
559873789
373833286
1078642039
1589454461
1682205296
1528973963
1579924924
1447770019
2020299999
921103040
165509913
593822858
484084770
778132831
1162516734
719838754
1171442611
1009758980
1854815399
1914825764
1090720553
504210266
2145914308
298008375
331826811
612851496
964960655
1785160596
692196376
1337160947
1144867566
269213057
547710359
1305197671
657380213
2042761453
81117324
361475369
187959018
1472314523
1729529447
1250233543
1425591139
603519369
1496448870
1274531297
1716333821
1934088149
723309987
1656761591
1831361318
38725070
2012372378
387692161
891650092
1204617977
373014851
1533616825
162570318
1842190961
492197230
121099896
862629184
561458338
1070843519
1864428210
836514827
1066847000
1752962418
1870837227
2049693412
2140919916
1273233460
1821563242
1040816373
610727160
132142193
1828222912
1360408795
763371013
442825150
134264804
